0.0 -4.6986557540487466e-08
0.0 -4.64428935002684e-08
0.0 -4.6185893372817366e-08
0.0 -4.5334562869003316e-08
0.0 -4.5177992110258074e-08
0.0 -4.3454314334876766e-08
0.0 -4.39655926744208e-08
0.0 -4.3988233822708604e-08
0.0 -4.300498039058395e-08
0.0 -4.290813193739019e-08
0.0 -4.333471915367922e-08
0.0 -4.358671682619126e-08
0.0 -4.2780824546090335e-08
0.0 -4.2598704559681025e-08
0.0 -4.1749521378876484e-08
0.0 -4.162908125691662e-08
0.0 -4.154735973695752e-08
0.0 -4.1162557745796566e-08
0.0 -4.071469736149306e-08
0.0 -4.051314118154372e-08
0.0 -4.082543688245337e-08
0.0 -3.997757178238453e-08
0.0 -3.991153125300264e-08
0.0 -3.937592611355251e-08
0.0 -3.9743477141251926e-08
0.0 -3.948905998214531e-08
0.0 -3.9544426758738455e-08
0.0 -3.9142991889885154e-08
0.0 -3.9357696145886877e-08
0.0 -3.855587481910432e-08
0.0 -3.8678526572658196e-08
0.0 -3.9046505348472316e-08
0.0 -3.843545987752307e-08
0.0 -3.896648347631419e-08
0.0 -3.8528876842658724e-08
0.0 -3.836655692918047e-08
0.0 -3.8111396373952285e-08
0.0 -3.851810472920575e-08
0.0 -3.823924409540255e-08
0.0 -3.855941869209019e-08
0.0 -3.8231028899192616e-08
0.0 -3.828432453847029e-08
0.0 -3.7618383908898274e-08
0.0 -3.709944650152983e-08
0.0 -3.734067684072785e-08
0.0 -3.742878019498408e-08
0.0 -3.726873030573518e-08
0.0 -3.719910736301596e-08
0.0 -3.724938616735639e-08
0.0 -3.7443160383647187e-08
0.0 -3.736236693727829e-08
0.0 -3.7108434945416595e-08
0.0 -3.7156808336321484e-08
0.0 -3.6832288771672037e-08
0.0 -3.675780595136999e-08
0.0 -3.691870669494512e-08
0.0 -3.720945563571044e-08
0.0 -3.669950434368775e-08
0.0 -3.652528957184733e-08
0.0 -3.645397794196058e-08
0.0 -3.588057433925786e-08
0.0 -3.6165686390088325e-08
0.0 -3.666225672084144e-08
0.0 -3.6216582228738685e-08
0.0 -3.586457985986242e-08
0.0 -3.586418486560376e-08
0.0 -3.5954834389948995e-08
0.0 -3.599149944169457e-08
0.0 -3.587542328346068e-08
0.0 -3.677429484267702e-08
0.0 -3.609655395018976e-08
0.0 -3.605038866559551e-08
0.0 -3.602538349806259e-08
0.0 -3.605427997550436e-08
0.0 -3.586382313965509e-08
0.0 -3.588756079472583e-08
0.0 -3.5944366451150234e-08
0.0 -3.560144314540461e-08
0.0 -3.5828641922232285e-08
0.0 -3.545474637912504e-08
0.0 -3.537745799499052e-08
0.0 -3.5631710956123344e-08
0.0 -3.55713349085374e-08
0.0 -3.491272570186905e-08
0.0 -3.517413025232695e-08
0.0 -3.5473111836608825e-08
0.0 -3.517732154124844e-08
0.0 -3.556756009279096e-08
0.0 -3.527921364895534e-08
0.0 -3.473146450538693e-08
0.0 -3.533996932667937e-08
0.0 -3.5368168529634723e-08
0.0 -3.50322339925024e-08
0.0 -3.531194483195367e-08
0.0 -3.469295920617739e-08
0.0 -3.4834476698238255e-08
0.0 -3.460336998190039e-08
0.0 -3.4675893158058434e-08
0.0 -3.471149171189406e-08
0.0 -3.4094582231037826e-08
