0.0 -4.662069341687669e-17
0.0 -5.5077470362263625e-17
0.0 -4.4994390158148434e-17
0.0 -4.96564594998361e-17
0.0 -4.716279450311944e-17
0.0 -5.074066167232161e-17
0.0 -4.607859233063394e-17
0.0 -5.0198560586078855e-17
0.0 -4.586175189613684e-17
0.0 -4.640385298237959e-17
0.0 -4.8030156241107846e-17
0.0 -5.149960319306146e-17
0.0 -4.629543276513104e-17
0.0 -4.141652298894627e-17
0.0 -4.4777549723651333e-17
0.0 -4.195862407518902e-17
0.0 -4.846383711010205e-17
0.0 -4.3151246464923076e-17
0.0 -4.456070928915423e-17
0.0 -4.2392304944183223e-17
0.0 -4.575333167888829e-17
0.0 -4.3259666682171627e-17
0.0 -4.391018798566293e-17
0.0 -4.4777549723651333e-17
0.0 -4.380176776841438e-17
0.0 -4.640385298237959e-17
0.0 -4.445228907190568e-17
0.0 -4.0549161250957866e-17
0.0 -4.640385298237959e-17
0.0 -4.391018798566293e-17
0.0 -4.662069341687669e-17
0.0 -4.174178364069192e-17
0.0 -4.575333167888829e-17
0.0 -4.4885969940899884e-17
0.0 -4.3259666682171627e-17
0.0 -4.705437428587089e-17
0.0 -4.098284211995207e-17
0.0 -4.466912950640278e-17
0.0 -4.434386885465713e-17
0.0 -4.3259666682171627e-17
0.0 -4.141652298894627e-17
0.0 -4.0115480381963664e-17
0.0 -4.087442190270352e-17
0.0 -4.206704429243757e-17
0.0 -4.380176776841438e-17
0.0 -4.0115480381963664e-17
0.0 -3.7621815385247004e-17
0.0 -3.642919299551295e-17
0.0 -4.163336342344337e-17
0.0 -4.672911363412524e-17
0.0 -3.979021973021801e-17
0.0 -4.640385298237959e-17
0.0 -4.185020385794047e-17
0.0 -3.7730235602495554e-17
0.0 -3.61039323437673e-17
0.0 -4.423544863740858e-17
0.0 -4.2934406030425976e-17
0.0 -3.913969842672671e-17
0.0 -4.0766001685454967e-17
0.0 -4.2609145378680324e-17
0.0 -4.2609145378680324e-17
0.0 -4.412702842016003e-17
0.0 -4.4885969940899884e-17
0.0 -4.2500725161431774e-17
0.0 -4.2934406030425976e-17
0.0 -4.195862407518902e-17
0.0 -4.4777549723651333e-17
0.0 -3.9898639947466563e-17
0.0 -3.859759734048396e-17
0.0 -3.892285799222961e-17
0.0 -4.228388472693467e-17
0.0 -3.946495907847236e-17
0.0 -4.163336342344337e-17
0.0 -4.0440741033709315e-17
0.0 -3.480288973678469e-17
0.0 -4.0549161250957866e-17
0.0 -4.401860820291148e-17
0.0 -4.185020385794047e-17
0.0 -4.0007060164715114e-17
0.0 -4.087442190270352e-17
0.0 -4.2717565595928875e-17
0.0 -3.838075690598686e-17
0.0 -4.185020385794047e-17
0.0 -4.2825985813177425e-17
0.0 -3.729655473350135e-17
0.0 -3.8055496254241206e-17
0.0 -4.2392304944183223e-17
0.0 -3.7838655819744105e-17
0.0 -3.7947076036992655e-17
0.0 -3.892285799222961e-17
0.0 -4.0766001685454967e-17
0.0 -4.2934406030425976e-17
0.0 -4.0007060164715114e-17
0.0 -4.087442190270352e-17
0.0 -4.228388472693467e-17
0.0 -4.3151246464923076e-17
0.0 -4.2934406030425976e-17
0.0 -3.8055496254241206e-17
0.0 -3.7947076036992655e-17
0.0 -3.935653886122381e-17
