2730 0.0008718125296199677
7102 0.0008544877074098638
1010 0.0008495700256911467
368 0.0008358577511567883
1907 0.0008305495403394625
7453 0.000820603097948281
4583 0.0008178389947600619
7420 0.0008102918623202494
1847 0.0008099559848296892
5369 0.0008059566763533497
3164 0.0008050500320415689
7446 0.0008031196043637384
3947 0.0008021812384208494
2794 0.000792280871844184
3215 0.0007821310139232529
5346 0.0007811602430342371
7223 0.0007773279049975944
630 0.0007743385084868103
4417 0.0007687805941557342
4955 0.0007607496342159285
3208 0.0007589888284438046
2902 0.0007575026236021222
5671 0.0007558131512915541
5833 0.000751622790719813
5553 0.0007479205963623883
8096 0.000747365561212344
3204 0.0007457317177524813
758 0.0007449033462970592
6301 0.000744544007936566
5769 0.0007411240983230797
8194 0.0007400607611777493
4957 0.0007380022530638381
8060 0.0007363347980704144
7938 0.0007338118398538573
5584 0.000733099454823714
6568 0.0007326321048334337
1430 0.0007325077937936153
7250 0.0007313102807885159
3185 0.0007304471596001993
2737 0.0007262274784955591
3751 0.0007257966588634108
150 0.0007257872154203421
5099 0.0007211972455262667
2944 0.0007173238583421433
7872 0.0007153938381565274
2639 0.0007139535045529941
5074 0.0007139284067781506
1034 0.0007129765726317385
229 0.0007123307958054798
6648 0.0007119844442851661
4222 0.0007102119585238713
7406 0.0007096091967894401
2464 0.0007093057756724175
3578 0.0007091246365130109
930 0.0007083145568536788
6777 0.0007082011888828233
2484 0.0007049148273055659
4944 0.0007010925034825632
1197 0.0006997916151196326
3221 0.0006990347589827326
2041 0.0006985614321556567
7579 0.0006978545408399365
6787 0.0006975433466995635
6530 0.0006967700713607236
8112 0.0006964779892041564
6005 0.0006961076491492693
6190 0.0006958293115675393
5655 0.0006951349734891845
251 0.0006940803941569169
3951 0.0006932469153525785
8018 0.000692694901679168
233 0.0006920538569602994
2589 0.0006915309556253134
5996 0.0006914295320549448
482 0.0006911310756971892
972 0.0006904035967309036
7499 0.0006866530294934528
7442 0.0006863318763316116
1173 0.0006858703336704479
2369 0.0006852834885123497
6315 0.0006836087793052933
5129 0.0006834086922527611
7784 0.0006831986053844895
5998 0.0006829806453717363
4692 0.0006827748668978363
4255 0.0006827382838885734
6692 0.000682299427513653
4832 0.0006819232572638401
5275 0.0006801663008799904
5376 0.0006795658282417789
2232 0.0006775921249544565
6928 0.0006768548922922032
260 0.0006755812959316337
1677 0.0006754792582056809
6847 0.0006738912472752149
6883 0.000673409668130963
7702 0.0006733712947947128
1798 0.0006725452204275187
4681 0.0006715005150076481
2664 0.0006707270498168301
