0.0 6.520369662981525e-07
0.0 6.44492488101789e-07
0.0 6.409260728103359e-07
0.0 6.291120776343202e-07
0.0 6.269393301636637e-07
0.0 6.03019688388026e-07
0.0 6.101147469432392e-07
0.0 6.104289403772046e-07
0.0 5.96784238167088e-07
0.0 5.954402628140969e-07
0.0 6.013600546098553e-07
0.0 6.048570504204025e-07
0.0 5.936736059652904e-07
0.0 5.911463094977016e-07
0.0 5.793621130194835e-07
0.0 5.776907539521703e-07
0.0 5.765566965282472e-07
0.0 5.712167623784375e-07
0.0 5.650017608342141e-07
0.0 5.622047464351508e-07
0.0 5.66538503790192e-07
0.0 5.547725984978141e-07
0.0 5.538561477035466e-07
0.0 5.464235038029133e-07
0.0 5.51524044661942e-07
0.0 5.479934733430272e-07
0.0 5.487618034041679e-07
0.0 5.431910532474257e-07
0.0 5.461705248042698e-07
0.0 5.35043573325145e-07
0.0 5.367456234812345e-07
0.0 5.418521002218237e-07
0.0 5.333725636970594e-07
0.0 5.407416290563894e-07
0.0 5.346689198302852e-07
0.0 5.324163908415397e-07
0.0 5.288755033252927e-07
0.0 5.345194342491451e-07
0.0 5.306496583989051e-07
0.0 5.350927520030935e-07
0.0 5.305356553744365e-07
0.0 5.3127524410996e-07
0.0 5.220339220432134e-07
0.0 5.148325778533015e-07
0.0 5.181801544511689e-07
0.0 5.194027731632777e-07
0.0 5.171817455143718e-07
0.0 5.162155812397018e-07
0.0 5.169133049449026e-07
0.0 5.196023284070265e-07
0.0 5.184811499626702e-07
0.0 5.149573113469091e-07
0.0 5.156285934980855e-07
0.0 5.111252044281197e-07
0.0 5.100915992527124e-07
0.0 5.123244342528305e-07
0.0 5.163591851665202e-07
0.0 5.092825421312841e-07
0.0 5.068649471074793e-07
0.0 5.058753486937399e-07
0.0 4.979181719319504e-07
0.0 5.01874699266225e-07
0.0 5.087656533564466e-07
0.0 5.02580985725881e-07
0.0 4.976962150399569e-07
0.0 4.976907336187589e-07
0.0 4.989486857916343e-07
0.0 4.994574902526545e-07
0.0 4.978466903044756e-07
0.0 5.103204170919546e-07
0.0 5.009153417407297e-07
0.0 5.002747016082066e-07
0.0 4.99927702516203e-07
0.0 5.003287017569602e-07
0.0 4.976857140528328e-07
0.0 4.980151236867346e-07
0.0 4.988034212172849e-07
0.0 4.940446415955136e-07
0.0 4.971975008007806e-07
0.0 4.920089165183971e-07
0.0 4.909363781652361e-07
0.0 4.944646709216126e-07
0.0 4.936268266893598e-07
0.0 4.844872435596581e-07
0.0 4.881147796021498e-07
0.0 4.922637757195231e-07
0.0 4.881590654291085e-07
0.0 4.935744431840573e-07
0.0 4.895730319834108e-07
0.0 4.819718645345797e-07
0.0 4.904161443056642e-07
0.0 4.908074674044808e-07
0.0 4.861456715175546e-07
0.0 4.90027245721213e-07
0.0 4.814375228861774e-07
0.0 4.834013746469676e-07
0.0 4.801942845493543e-07
0.0 4.812006956566922e-07
0.0 4.816947002311356e-07
0.0 4.7313378810274163e-07
