2730 0.0008718125296199859
7102 0.0008544877074098755
1010 0.0008495700256911626
368 0.0008358577511567972
1907 0.000830549540339476
7453 0.0008206030979482956
4583 0.0008178389947600743
7420 0.000810291862320263
1847 0.0008099559848297024
5369 0.0008059566763533605
3164 0.0008050500320415815
7446 0.0008031196043637497
3947 0.0008021812384208606
2794 0.0007922808718442012
3215 0.000782131013923267
5346 0.0007811602430342516
7223 0.0007773279049976075
630 0.000774338508486825
4417 0.0007687805941557439
4955 0.0007607496342159395
3208 0.0007589888284438132
2902 0.0007575026236021336
5671 0.0007558131512915664
5833 0.0007516227907198236
5553 0.0007479205963623983
8096 0.0007473655612123557
3204 0.0007457317177524932
758 0.0007449033462970728
6301 0.0007445440079365786
5769 0.0007411240983230906
8194 0.0007400607611777608
4957 0.0007380022530638511
8060 0.0007363347980704261
7938 0.0007338118398538689
5584 0.0007330994548237228
6568 0.0007326321048334439
1430 0.0007325077937936277
7250 0.0007313102807885284
3185 0.0007304471596002081
2737 0.0007262274784955679
3751 0.000725796658863423
150 0.0007257872154203554
5099 0.0007211972455262769
2944 0.0007173238583421513
7872 0.0007153938381565382
2639 0.0007139535045530062
5074 0.0007139284067781638
1034 0.0007129765726317528
229 0.0007123307958054918
6648 0.0007119844442851758
4222 0.0007102119585238824
7406 0.00070960919678945
2464 0.0007093057756724254
3578 0.0007091246365130245
930 0.0007083145568536925
6777 0.0007082011888828349
2484 0.0007049148273055757
4944 0.0007010925034825716
1197 0.0006997916151196446
3221 0.0006990347589827426
2041 0.0006985614321556653
7579 0.0006978545408399472
6787 0.0006975433466995739
6530 0.0006967700713607359
8112 0.0006964779892041676
6005 0.0006961076491492815
6190 0.0006958293115675495
5655 0.000695134973489196
251 0.0006940803941569278
3951 0.0006932469153525902
8018 0.0006926949016791789
233 0.000692053856960308
2589 0.000691530955625324
5996 0.0006914295320549576
482 0.0006911310756972031
972 0.0006904035967309136
7499 0.0006866530294934633
7442 0.0006863318763316231
1173 0.0006858703336704595
2369 0.0006852834885123577
6315 0.0006836087793053037
5129 0.0006834086922527702
7784 0.0006831986053844998
5998 0.0006829806453717463
4692 0.0006827748668978473
4255 0.0006827382838885842
6692 0.0006822994275136649
4832 0.0006819232572638486
5275 0.0006801663008800004
5376 0.0006795658282417869
2232 0.0006775921249544635
6928 0.0006768548922922129
260 0.0006755812959316427
1677 0.000675479258205692
6847 0.0006738912472752267
6883 0.0006734096681309727
7702 0.0006733712947947228
1798 0.0006725452204275311
4681 0.0006715005150076566
2664 0.0006707270498168367
