2730 0.0008718595161775264
7102 0.0008545341503033758
1010 0.0008496162115845355
368 0.0008359030857196662
1907 0.0008305947183315863
7453 0.0008206465522626304
4583 0.0008178829603527487
7420 0.0008103358505540857
1847 0.000809998989810093
5369 0.0008059995844852979
3164 0.0008050933667607352
7446 0.0008031631910805759
3947 0.0008022240192454067
2794 0.0007923234705487609
3215 0.0007821727634446459
5346 0.0007812018721155085
7223 0.0007773694523573445
630 0.0007743796710445708
4417 0.0007688213088531054
4955 0.0007607901473571211
3208 0.0007590296538806956
2902 0.000757542601173916
5671 0.0007558530628228194
5833 0.0007516621666459371
5553 0.0007479603398395395
8096 0.0007474050502723379
3204 0.0007457712621792519
758 0.0007449424892889627
6301 0.0007445833656327245
5769 0.0007411626541979097
8194 0.0007400994397043334
4957 0.0007380412995691996
8060 0.0007363732335303036
7938 0.0007338508063373452
5584 0.0007331379837005655
6568 0.0007326704713903731
1430 0.0007325459051900016
7250 0.0007313487988932576
3185 0.0007304853988443035
2737 0.00072626603791426
3751 0.0007258348898923222
150 0.0007258254997448938
5099 0.0007212348639101858
2944 0.0007173609577886529
7872 0.000715431178833379
2639 0.0007139909333332012
5074 0.0007139656755084696
1034 0.0007130137717391158
229 0.0007123680451916591
6648 0.0007120218874455595
4222 0.0007102493208908197
7406 0.0007096463052243954
2464 0.0007093429324807617
3578 0.0007091614688017961
930 0.0007083513146596439
6777 0.0007082381075895299
2484 0.0007049520367612114
4944 0.0007011292029869152
1197 0.0006998281404092165
3221 0.0006990712129606846
2041 0.0006985973127300046
7579 0.0006978907065263373
6787 0.0006975800089562947
6530 0.0006968062879429646
8112 0.0006965138537840275
6005 0.0006961435133341471
6190 0.0006958652664019394
5655 0.0006951709649886377
251 0.0006941162695802113
3951 0.0006932836896474329
8018 0.0006927309982331291
233 0.0006920899073489736
2589 0.000691566981008822
5996 0.0006914655863349331
482 0.0006911669395203427
972 0.0006904394842917083
7499 0.0006866889738599144
7442 0.0006863674777747685
1173 0.0006859061623123818
2369 0.0006853189432587368
6315 0.0006836441567632987
5129 0.0006834443239637264
7784 0.0006832341767194083
5998 0.0006830155580974482
4692 0.0006828100410280996
4255 0.0006827737570004208
6692 0.0006823346048352062
4832 0.0006819588248239414
5275 0.0006802015800936494
5376 0.0006796005597062923
2232 0.0006776274649237902
6928 0.0006768902604607426
260 0.0006756163281656352
1677 0.0006755145701505239
6847 0.0006739259402344329
6883 0.0006734445026076709
7702 0.0006734058981647047
1798 0.0006725798963206892
4681 0.0006715352264993685
2664 0.0006707611443990678
