2730 0.0008718125296200325
7102 0.0008544877074099306
1010 0.0008495700256912076
368 0.0008358577511568469
1907 0.0008305495403395232
7453 0.0008206030979483463
4583 0.0008178389947601204
7420 0.0008102918623203132
1847 0.0008099559848297482
5369 0.0008059566763534069
3164 0.0008050500320416295
7446 0.0008031196043638012
3947 0.0008021812384209069
2794 0.0007922808718442427
3215 0.0007821310139233118
5346 0.0007811602430342936
7223 0.000777327904997656
630 0.0007743385084868681
4417 0.0007687805941557884
4955 0.0007607496342159819
3208 0.0007589888284438589
2902 0.0007575026236021769
5671 0.0007558131512916104
5833 0.0007516227907198683
5553 0.0007479205963624421
8096 0.0007473655612124021
3204 0.0007457317177525377
758 0.0007449033462971134
6301 0.000744544007936625
5769 0.0007411240983231345
8194 0.0007400607611778074
4957 0.0007380022530638928
8060 0.0007363347980704719
7938 0.0007338118398539137
5584 0.0007330994548237661
6568 0.0007326321048334909
1430 0.0007325077937936687
7250 0.000731310280788573
3185 0.0007304471596002525
2737 0.0007262274784956112
3751 0.0007257966588634645
150 0.0007257872154203955
5099 0.0007211972455263177
2944 0.0007173238583421934
7872 0.000715393838156582
2639 0.0007139535045530463
5074 0.0007139284067782015
1034 0.0007129765726317892
229 0.0007123307958055334
6648 0.0007119844442852226
4222 0.0007102119585239222
7406 0.0007096091967894964
2464 0.0007093057756724673
3578 0.0007091246365130622
930 0.0007083145568537286
6777 0.0007082011888828792
2484 0.0007049148273056186
4944 0.0007010925034826107
1197 0.0006997916151196854
3221 0.0006990347589827852
2041 0.0006985614321557079
7579 0.0006978545408399913
6787 0.0006975433466996188
6530 0.0006967700713607784
8112 0.0006964779892042105
6005 0.0006961076491493234
6190 0.0006958293115675942
5655 0.0006951349734892359
251 0.0006940803941569664
3951 0.0006932469153526291
8018 0.0006926949016792212
233 0.0006920538569603475
2589 0.0006915309556253656
5996 0.0006914295320549981
482 0.0006911310756972379
972 0.0006904035967309542
7499 0.0006866530294935073
7442 0.000686331876331665
1173 0.0006858703336704995
2369 0.0006852834885123986
6315 0.0006836087793053464
5129 0.0006834086922528086
7784 0.0006831986053845416
5998 0.0006829806453717891
4692 0.0006827748668978846
4255 0.0006827382838886223
6692 0.0006822994275137073
4832 0.0006819232572638865
5275 0.0006801663008800384
5376 0.0006795658282418258
2232 0.0006775921249545043
6928 0.0006768548922922559
260 0.0006755812959316827
1677 0.0006754792582057328
6847 0.000673891247275269
6883 0.0006734096681310158
7702 0.0006733712947947657
1798 0.0006725452204275692
4681 0.0006715005150076946
2664 0.0006707270498168761
