2730 0.0008216276997718973
7102 0.0008048835476384986
1010 0.0008002403594732124
368 0.0007874373636582991
1907 0.0007822963810319789
7453 0.0007741909433914034
4583 0.0007708807602648658
1847 0.0007640237493953988
7420 0.0007633094455394362
5369 0.000760127881640054
3164 0.0007587656132473974
7446 0.0007565660349711803
3947 0.0007564884166325226
2794 0.0007467825665473885
3215 0.0007375396938528174
5346 0.0007366975611770411
7223 0.0007329525072700659
630 0.0007303741053814283
4417 0.0007252945363140944
4955 0.0007174788520398855
3208 0.0007153844932840043
2902 0.0007148038658646956
5671 0.0007131849293207623
5833 0.0007095666313599906
5553 0.0007054718675795646
8096 0.0007051885672091783
3204 0.0007034955882781451
758 0.0007030959764836234
6301 0.0007025073194178251
5769 0.0006999438093570435
8194 0.0006987494718209829
4957 0.0006962979374226608
8060 0.0006952831204233729
7938 0.0006921929929962812
5584 0.0006919480015271067
1430 0.0006918022379479027
6568 0.0006916540202098631
7250 0.0006901703328342124
3185 0.0006896050537197346
2737 0.0006850434044316071
3751 0.0006849633273664091
150 0.0006848969605644253
5099 0.0006810182604271607
2944 0.0006776991335869372
7872 0.0006755114630368938
5074 0.0006741228754348313
2639 0.0006739770290757828
1034 0.0006732454033149141
229 0.0006725459253221644
6648 0.0006719926097921036
4222 0.0006703064169132343
7406 0.0006699748717672591
3578 0.0006697852543297821
2464 0.0006696197845901161
930 0.0006690547273679409
6777 0.0006687695064956825
2484 0.0006651726053345559
4944 0.0006618949440762793
1197 0.0006607801288986122
2041 0.0006602385455277293
3221 0.0006600994384247206
7579 0.0006592271352027896
6787 0.0006583855702766632
8112 0.0006581721857622999
6530 0.0006580883055144006
6005 0.0006578022675924931
6190 0.0006574271101690443
5655 0.0006566936113269804
251 0.0006557630092008354
8018 0.0006541413341776024
3951 0.000653969474619891
233 0.0006535495971177266
2589 0.0006530534029958879
5996 0.0006529211160248133
482 0.0006528260804772771
972 0.0006520732480920224
7442 0.000648307120747395
7499 0.0006482620085621041
1173 0.0006476029143859661
2369 0.0006474154150209964
6315 0.0006458232550510788
5998 0.0006456914867229736
5129 0.000645351608592844
4692 0.0006452065104595387
7784 0.0006452060074395867
4255 0.0006448505948440912
6692 0.0006447276625629363
4832 0.0006439346910803983
5275 0.0006424857082478115
5376 0.0006424702688431521
2232 0.0006398466411418316
6928 0.0006390792898147508
260 0.0006381644943277635
1677 0.0006377637064523035
6847 0.0006368368141412135
7702 0.000636412549034187
6883 0.0006362040847229738
1798 0.0006355090149941645
4681 0.0006344262879024252
2664 0.0006343117238786938
