0.0 -6.9902352383864e-07
0.0 -6.909353816020574e-07
0.0 -6.871119661831532e-07
0.0 -6.744466405033235e-07
0.0 -6.721173222739218e-07
0.0 -6.464740027229028e-07
0.0 -6.5408033961766e-07
0.0 -6.544171741999132e-07
0.0 -6.397892185576719e-07
0.0 -6.383483947514871e-07
0.0 -6.446947737635345e-07
0.0 -6.484437672465938e-07
0.0 -6.364544305114891e-07
0.0 -6.337450140573827e-07
0.0 -6.211116343983599e-07
0.0 -6.193198352090869e-07
0.0 -6.181040562650963e-07
0.0 -6.123793201241257e-07
0.0 -6.057164581957071e-07
0.0 -6.027178876166946e-07
0.0 -6.073639406726453e-07
0.0 -5.947501702801986e-07
0.0 -5.937676789565492e-07
0.0 -5.857994299165743e-07
0.0 -5.912675218031939e-07
0.0 -5.874825333251725e-07
0.0 -5.883062301629063e-07
0.0 -5.823340451373109e-07
0.0 -5.855282209501567e-07
0.0 -5.735994481442493e-07
0.0 -5.754241500538926e-07
0.0 -5.808986055701876e-07
0.0 -5.718080235745824e-07
0.0 -5.797081125327036e-07
0.0 -5.731977966729439e-07
0.0 -5.707829477707201e-07
0.0 -5.669868996991366e-07
0.0 -5.730375389783509e-07
0.0 -5.688889024943076e-07
0.0 -5.736521706949669e-07
0.0 -5.687666842736291e-07
0.0 -5.695595686485387e-07
0.0 -5.596523059521116e-07
0.0 -5.519320243548313e-07
0.0 -5.555208312918967e-07
0.0 -5.568315533582618e-07
0.0 -5.54450475820107e-07
0.0 -5.534146886027177e-07
0.0 -5.54162691112259e-07
0.0 -5.570454887906737e-07
0.0 -5.558435169000569e-07
0.0 -5.520657462923257e-07
0.0 -5.52785401834407e-07
0.0 -5.479574931997917e-07
0.0 -5.468494052040824e-07
0.0 -5.492431409477756e-07
0.0 -5.535686408022307e-07
0.0 -5.459820464749719e-07
0.0 -5.433902366793267e-07
0.0 -5.423293266357005e-07
0.0 -5.337987462712083e-07
0.0 -5.380403856563134e-07
0.0 -5.454279100772881e-07
0.0 -5.387975679548365e-07
0.0 -5.335607948998193e-07
0.0 -5.335549184843627e-07
0.0 -5.349035201814749e-07
0.0 -5.35448989694349e-07
0.0 -5.337221135879363e-07
0.0 -5.470947119346316e-07
0.0 -5.370118956909194e-07
0.0 -5.363250902739106e-07
0.0 -5.359530860142656e-07
0.0 -5.363829817323562e-07
0.0 -5.335495371924879e-07
0.0 -5.339026844814604e-07
0.0 -5.347477876684352e-07
0.0 -5.296460847409182e-07
0.0 -5.330261427229045e-07
0.0 -5.274636628975222e-07
0.0 -5.263138361602266e-07
0.0 -5.300963818778443e-07
0.0 -5.291981615980056e-07
0.0 -5.193999692614188e-07
0.0 -5.232889098544767e-07
0.0 -5.277368875561319e-07
0.0 -5.233363869703569e-07
0.0 -5.291420032770651e-07
0.0 -5.248522456323661e-07
0.0 -5.167033290399666e-07
0.0 -5.257561136323436e-07
0.0 -5.261756359341155e-07
0.0 -5.211779055101654e-07
0.0 -5.253391905531667e-07
0.0 -5.161304820923548e-07
0.0 -5.182358513452058e-07
0.0 -5.147976545311463e-07
0.0 -5.158765888147506e-07
0.0 -5.164061919430297e-07
0.0 -5.072283703338879e-07
