0.0 4.9532792881790415e-05
0.0 4.895966728327508e-05
0.0 4.868874014513991e-05
0.0 4.7791275420863786e-05
0.0 4.762621997733349e-05
0.0 4.580913486850412e-05
0.0 4.6348119748265324e-05
5573.0 4.565768398448705e-05
-5573.0 4.6049755052099124e-05
0.0 4.5233354450492386e-05
0.0 4.5683058739574216e-05
0.0 4.5948712342149e-05
0.0 4.509914818237267e-05
0.0 4.490715898731502e-05
0.0 4.401195795743012e-05
0.0 4.3884991103258384e-05
0.0 4.3798841031013444e-05
0.0 4.339318634301835e-05
0.0 4.292105608081525e-05
0.0 4.27085774296189e-05
0.0 4.3037796656018716e-05
0.0 4.214398513894028e-05
0.0 4.207436582310056e-05
0.0 4.1509735856029985e-05
0.0 4.189720473817178e-05
0.0 4.162900052983437e-05
0.0 4.1687367670943925e-05
0.0 4.126417876020201e-05
0.0 4.1490517993949204e-05
0.0 4.0645245392721945e-05
0.0 4.07745437332966e-05
0.0 4.11624635409686e-05
0.0 4.051830508335617e-05
0.0 4.107810522853124e-05
0.0 4.061678437678579e-05
5138.0 4.0297450494699606e-05
-5138.0 4.0324898080439445e-05
0.0 4.060542852006685e-05
0.0 4.0311456222074564e-05
0.0 4.0648981311957916e-05
0.0 4.030279584163953e-05
0.0 4.035897961182004e-05
0.0 3.965695117707298e-05
0.0 3.9109892177360806e-05
0.0 3.936419496519325e-05
-2435.0 3.9311226345011626e-05
2435.0 3.94341959568667e-05
0.0 3.921495373559905e-05
0.0 3.926795717838251e-05
0.0 3.947223216466524e-05
0.0 3.938706046068539e-05
0.0 3.911936771084398e-05
-1114.0 3.900489274914526e-05
1114.0 3.8993726718480285e-05
0.0 3.8749737886498896e-05
0.0 3.891935795289963e-05
0.0 3.9225862785853224e-05
0.0 3.8688276864160985e-05
0.0 3.850462127392496e-05
1180.0 3.8290338106319595e-05
-1180.0 3.7964075559012746e-05
0.0 3.812553093789138e-05
0.0 3.864901076955428e-05
-1582.0 3.809530461270987e-05
1582.0 3.789198747472706e-05
0.0 3.7807690823169664e-05
0.0 3.790325271271365e-05
0.0 3.794190467196288e-05
0.0 3.781953826578798e-05
-4067.0 3.8595260757895845e-05
4067.0 3.822451171754714e-05
0.0 3.800398514097313e-05
0.0 3.797762492691991e-05
0.0 3.8008087328387434e-05
0.0 3.780730950587313e-05
0.0 3.783233351520451e-05
57.0 3.784710532485098e-05
-57.0 3.757582312792355e-05
0.0 3.777022178369277e-05
0.0 3.737606457484286e-05
0.0 3.729458787605968e-05
-869.0 3.722274085887496e-05
2655.0 3.7353369964966275e-05
1306.0 3.728964766864802e-05
-3092.0 3.708074467865846e-05
0.0 3.73954252687735e-05
0.0 3.708360588529954e-05
0.0 3.7494991740266085e-05
0.0 3.719101960020558e-05
0.0 3.6613587534100266e-05
0.0 3.725506766832627e-05
0.0 3.728479501005763e-05
0.0 3.69306559323615e-05
0.0 3.722552450766722e-05
0.0 3.657299561112698e-05
-819.0 3.651371772213873e-05
819.0 3.6687015787199764e-05
0.0 3.655500473770997e-05
0.0 3.65925324050003e-05
0.0 3.594219215004009e-05
