2730 0.0008718545630996286
7102 0.0008545292545357016
1010 0.0008496113429084786
368 0.0008358983067864309
1907 0.000830589955903218
7453 0.0008206419715353892
4583 0.0008178783257292128
7420 0.0008103312135438388
1847 0.000809994456449296
5369 0.000805995061333756
3164 0.0008050887986405982
7446 0.0008031585963961542
3947 0.0008022195095139477
2794 0.0007923189800154398
3215 0.00078216836242779
5346 0.000781197483794825
7223 0.0007773650726513161
630 0.0007743753319023608
4417 0.0007688170169220024
4955 0.0007607858766730214
3208 0.0007590253502760098
2902 0.0007575383869467485
5671 0.0007558488555572986
5833 0.0007516580158411171
5553 0.0007479561502894065
8096 0.0007474008875415337
3204 0.0007457670936119724
758 0.0007449383630388534
6301 0.0007445792167496127
5769 0.0007411585898386208
8194 0.000740095362415737
4957 0.0007380371834901982
8060 0.0007363691818645338
7938 0.0007338466986938334
5584 0.0007331339221872655
6568 0.0007326664269879923
1430 0.0007325418876853145
7250 0.0007313447385154984
3185 0.0007304813678625763
2737 0.000726261973181398
3751 0.0007258308597765986
150 0.000725821464011024
5099 0.0007212308983763014
2944 0.000717357046958444
7872 0.000715427242573927
2639 0.0007139869877863537
5074 0.000713961746833246
1034 0.0007130098504031768
229 0.0007123641185555907
6648 0.0007120179403828279
4222 0.0007102453823449095
7406 0.0007096423934466717
2464 0.0007093390156037653
3578 0.0007091575861339596
930 0.0007083474398434014
6777 0.0007082342158119696
2484 0.0007049481143344151
4944 0.000701125334316522
1197 0.0006998242901036405
3221 0.0006990673701724048
2041 0.0006985935303869437
7579 0.0006978868941282528
6787 0.0006975761442123542
6530 0.0006968024701797058
8112 0.0006965100731270212
6005 0.0006961397327187772
6190 0.0006958614762307721
5655 0.0006951671709524314
251 0.0006941124877801503
3951 0.0006932798130930159
8018 0.0006927271931226247
233 0.00069208610710497
2589 0.0006915631834007351
5996 0.0006914617856807305
482 0.0006911631589431088
972 0.0006904357012121751
7499 0.0006866851847922221
7442 0.0006863637248562611
1173 0.0006859023854437658
2369 0.0006853152058042421
6315 0.000683640427456139
5129 0.0006834405678545471
7784 0.0006832304269747549
5998 0.0006830118777799447
4692 0.0006828063331546914
4255 0.000682770017609933
6692 0.0006823308966253881
4832 0.0006819550754772085
5275 0.0006801978611428982
5376 0.0006795968984963984
2232 0.0006776237395684911
6928 0.0006768865321328326
260 0.0006756126352501886
1677 0.0006755108477494222
6847 0.0006739222830835701
6883 0.0006734408305387697
7702 0.0006734022504578669
1798 0.0006725762409688365
4681 0.0006715315673949069
2664 0.000670757550325981
