2730 0.000871812529619973
7102 0.0008544877074098672
1010 0.0008495700256911483
368 0.0008358577511567879
1907 0.0008305495403394642
7453 0.0008206030979482843
4583 0.0008178389947600642
7420 0.0008102918623202522
1847 0.0008099559848296918
5369 0.0008059566763533498
3164 0.0008050500320415722
7446 0.0008031196043637412
3947 0.0008021812384208516
2794 0.0007922808718441894
3215 0.0007821310139232579
5346 0.0007811602430342408
7223 0.0007773279049975979
630 0.0007743385084868147
4417 0.0007687805941557336
4955 0.0007607496342159295
3208 0.000758988828443805
2902 0.0007575026236021265
5671 0.0007558131512915566
5833 0.0007516227907198138
5553 0.0007479205963623886
8096 0.0007473655612123467
3204 0.0007457317177524846
758 0.000744903346297063
6301 0.0007445440079365689
5769 0.0007411240983230808
8194 0.0007400607611777516
4957 0.0007380022530638419
8060 0.0007363347980704172
7938 0.0007338118398538591
5584 0.0007330994548237145
6568 0.0007326321048334359
1430 0.0007325077937936182
7250 0.0007313102807885184
3185 0.0007304471596001995
2737 0.0007262274784955601
3751 0.0007257966588634144
150 0.0007257872154203455
5099 0.0007211972455262673
2944 0.0007173238583421428
7872 0.0007153938381565297
2639 0.0007139535045529989
5074 0.0007139284067781534
1034 0.0007129765726317397
229 0.0007123307958054856
6648 0.0007119844442851683
4222 0.0007102119585238759
7406 0.0007096091967894431
2464 0.0007093057756724165
3578 0.000709124636513014
930 0.0007083145568536803
6777 0.0007082011888828255
2484 0.0007049148273055678
4944 0.0007010925034825637
1197 0.000699791615119638
3221 0.0006990347589827346
2041 0.0006985614321556585
7579 0.0006978545408399386
6787 0.0006975433466995654
6530 0.0006967700713607267
8112 0.000696477989204159
6005 0.0006961076491492735
6190 0.0006958293115675431
5655 0.0006951349734891866
251 0.0006940803941569178
3951 0.0006932469153525818
8018 0.0006926949016791702
233 0.0006920538569603017
2589 0.0006915309556253164
5996 0.000691429532054948
482 0.0006911310756971907
972 0.0006904035967309058
7499 0.0006866530294934551
7442 0.0006863318763316139
1173 0.0006858703336704537
2369 0.0006852834885123508
6315 0.0006836087793052954
5129 0.0006834086922527612
7784 0.0006831986053844919
5998 0.0006829806453717397
4692 0.0006827748668978389
4255 0.0006827382838885756
6692 0.0006822994275136558
4832 0.0006819232572638406
5275 0.0006801663008799913
5376 0.0006795658282417791
2232 0.000677592124954455
6928 0.0006768548922922054
260 0.0006755812959316351
1677 0.0006754792582056851
6847 0.0006738912472752181
6883 0.0006734096681309651
7702 0.0006733712947947158
1798 0.000672545220427523
4681 0.000671500515007648
2664 0.0006707270498168284
