2730 0.0003925284425314269
1010 0.00038065241573885484
368 0.00037620027336159707
7102 0.00037525610392290216
7453 0.00037321136984874286
1847 0.00037152174560821903
1907 0.0003714025387078324
4583 0.00036772873024011024
5369 0.0003658425753227999
3947 0.0003649660707475405
3164 0.00036334993401198094
2794 0.0003584609689191188
630 0.00035648033241921314
3215 0.00035611959579063396
7420 0.00035585574186492233
5346 0.00035311443925724936
4417 0.0003525971560300227
7446 0.0003521570418712274
2902 0.00034951199603503076
7223 0.0003478047561910334
758 0.0003477172682921516
5833 0.0003476622538463028
4955 0.00034586466921915013
5671 0.0003457177648037828
1430 0.00034462945523335573
5769 0.0003438506760465035
3208 0.0003432971887920723
3204 0.0003427706254463083
6301 0.0003407811096135099
5553 0.000340168086389875
8194 0.0003399126751720214
3185 0.0003397852466497684
4957 0.0003394042432407038
8060 0.00033918862342832343
8096 0.0003390174852486607
2944 0.0003386270835164836
150 0.0003376851716127359
6568 0.0003376092620737731
5584 0.000337449290014743
5099 0.000336358962274496
1034 0.0003354920598778664
3751 0.00033530730023576953
930 0.0003349900739341326
7250 0.0003349453844875842
229 0.00033439545203118963
3578 0.00033352001290114594
2639 0.0003333326808739005
2737 0.0003329898682693095
2041 0.000332775497914536
7938 0.00033177486452026214
5074 0.00033162395438393627
2464 0.0003314323403767984
251 0.00033000735483707997
1197 0.0003290213725090515
7872 0.00032889736272812535
4222 0.00032853481938032765
6777 0.00032828547420657206
482 0.00032740570540105307
6648 0.0003271600951062931
3221 0.0003270538593608503
6005 0.00032705358229527016
233 0.00032653897380498443
7406 0.00032637135309007
5655 0.0003263410532773464
972 0.0003261796570277413
6190 0.0003259166139745431
2484 0.0003255209431343105
2589 0.00032504528306138996
4944 0.0003247898177536845
7579 0.0003246033298017415
5376 0.00032433339801770484
8112 0.00032405266641861
2369 0.00032392468689174196
2664 0.0003239076419371798
5998 0.0003234233447093901
6530 0.00032340207608950067
4692 0.00032270486470518494
1173 0.00032182150678015736
5996 0.00032167874308630185
4255 0.00032092415090549003
6692 0.0003207012246811357
5808 0.00032045969115761784
1798 0.00032026913375398963
260 0.0003201251120684684
6315 0.00032011580186523675
8018 0.000320006203605456
761 0.00031995858078020996
6787 0.0003194883833275913
1697 0.0003194575572385442
1389 0.0003194051522780941
7699 0.00031900298673171097
5275 0.00031899810894295847
7442 0.00031885559587105437
5129 0.0003188218340990161
1431 0.00031862282012056116
2232 0.00031776734599085044
1879 0.0003174392094067286
4832 0.0003174204677741294
3951 0.00031709466900719683
6847 0.0003169360121190742
