0|6
127640 61.6747
192496 89.0603
147073 85.554
70896 91.3869
578821 90.9513
522229 60.0998
1|6
507010 90.0
55629 89.0196
453396 90.0
137915 90.0
261386 90.0
34525 90.0
2|6
525493 0.0
12332 100.0
258003 100.0
66765 0
387982 100.0
43628 100.0
3|6
175835 90.0
290303 89.3259
266898 90.0
541471 90.0
451800 90.0
267723 90.0
4|6
592141 73.0148
414265 63.5667
355727 68.6712
253686 66.9847
427765 67.5734
41693 71.3984
5|6
287510 43.0803
120761 22.5338
589071 23.45
336824 44.2812
30192 34.3966
503513 27.0076
6|6
459622 83.8736
257158 59.6656
393059 70.1164
184600 80.3305
417411 60.2077
294427 70.2467
7|6
80657 77.9416
264275 60.5009
182140 78.7884
543790 78.8634
173301 77.894
422900 64.4765
8|6
213829 90.0
248089 90.0
56437 90.0
344617 90.0
574204 90.0
622325 90.0
9|6
592747 86.0016
234288 81.0689
55629 85.8178
111280 81.439
246957 80.0
187943 80.0
10|6
234288 82.8439
316249 80.9725
616649 86.8107
216505 81.3976
78755 88.3135
169708 84.0366
11|6
253364 45.9014
336337 53.4258
117627 0.0
2273 45.2301
200504 49.812
184361 48.0844
12|6
558814 86.8949
296753 0
461492 0
585027 90.0
307197 90.0
196673 90.0
13|6
75757 90.0
363219 90.0
227064 90.0
477870 90.0
71149 90.0
304287 90.0
14|6
309883 1.7282
333777 1.8348
259174 3.1779
315452 6.2004
475026 13.3361
194044 35.5214
15|6
442631 83.0139
591753 58.7272
264677 26.7023
684 31.6847
70267 26.8245
337486 71.9546
16|6
217506 81.9316
624662 84.8562
56437 90.0
173301 78.6433
325936 85.3528
405897 82.8148
17|6
40476 89.1475
440749 88.7614
325346 89.0777
382448 90.0
397620 90.0
392726 89.3749
18|6
160690 65.4834
460065 71.8987
417011 61.5971
145610 52.6007
207030 49.697
599530 30.4095
19|6
622325 87.8473
249395 0
324045 85.4825
2255 90.0
548098 88.7432
349250 89.1905
20|6
538823 87.8125
517526 88.9907
378073 87.768
600770 88.5586
247563 87.8357
180037 89.2966
